image: fr79.png
resolution: 0.10000
origin: [0, 0, 0.000000]
negate: 0
occupied_thresh: 0.45
free_thresh: 0.106
